10001100
00000100
00000000
00000000
10001100
00001000
00000000
00001000
10001100
00001100
00000000
00010000
10001100
00010000
00000000
00011000
10001100
00010100
00000000
00100000
10001100
00011000
00000000
00101000
00000000
01001001
11000010
00000000
00000000
11010010
00000010
00000000
00100001
01100100
00000000
10000000
00000001
11100010
10000010
00010000
00000000
11001110
11000010
01010000
00000000
01001011
00000010
00110000
00000010
01001011
01000011
00000000
00110010
01111000
00000000
01000000
00110101
00111100
00000000
01000000
00101000
11101100
00000000
00010000
10101100
00000100
00000000
00110000
10101100
00001000
00000000
00111000
10101100
00100100
00000000
01000000
10101100
00101000
00000000
01001000
10101100
00101100
00000000
01010000
10101100
00110000
00000000
01011000
00111100
00000100
00000001
10010000
00111100
00001000
01000000
00000000
00011000
00010000
11010000
00000000
00011100
00011001
01001100
00000000
00001000
00000001
11100000
00000000
00010011
01001111
11111111
01010000
00010101
01000111
11111111
01010000